# cam_id width height fx fy cx cy k1 k2 p1 p2 cam_name qvecw qvecx qvecy qvecz tvecx tvecy tvecz
1 1280 720 1076.76306975898 1077.426760829146 634.0637753653572 326.1846051467712 -0.39028957108160434 0.14411150848430188 0.0004829764082917516 -0.0028608674348486046 brics-sbc-001_cam0 -0.026788111917639034 -0.24876230761999074 -0.21422853143438164 0.9441958735807593 0.6014232377722802 0.6948926402207802 0.6742817532971349
2 1280 720 1069.240343186079 1065.4431148343963 694.326616548564 325.56470687207917 -0.4357670113979483 0.21298066363544943 -0.0013262283962733703 0.0019442869616673492 brics-sbc-002_cam0 -0.034558055140859856 0.1911974688672871 -0.2509970676546062 0.9482877942652288 0.19540779742395317 0.7435798646140115 0.2767846944521221
3 1280 720 1081.9921799704798 1083.011999429038 637.2445496727947 308.720854254738 -0.43208128749330244 0.21271520965974344 0.005645881406309465 0.0002738130685658377 brics-sbc-003_cam0 0.00834282469116256 0.024033956123452195 0.23038705071999344 0.9727664535178893 0.5083939884887124 0.1385721043877291 -0.13653924329198464
4 1280 720 1088.407560350414 1086.1620584640395 648.185169135638 343.75991029935216 -0.41028878174066263 0.1650423389131114 0.0018339544706220047 0.00018958137110162182 brics-sbc-003_cam1 0.06919371023697304 -0.15712628933561326 0.2782263520657657 0.9450469071318309 0.817733933316641 0.10991869224172443 0.15049827601062432
5 1280 720 1063.283483441575 1058.803330209974 629.7786795267945 394.5738411085312 -0.4060474404374839 0.16282844017468992 -0.0002658667571295486 -0.0028553584377652035 brics-sbc-004_cam0 -0.08116881014570779 0.2974207905775396 -0.14816934479898725 0.9396799151059897 0.12016286727711126 0.5106172046961741 -0.007130311756879859
6 1280 720 1065.6104985544462 1066.8812383668815 644.435676710325 347.0169061892428 -0.3966872190297464 0.15463014577255785 0.001848296953911236 0.0030541448173289046 brics-sbc-004_cam1 -0.03659987531746591 0.2439550141159739 0.22057182422856694 0.9436601456938314 0.1339509090599449 0.1490747044293071 -0.20676920970485296
7 1280 720 1058.1560998589964 1057.7590705089838 630.851659739415 337.506792492659 -0.42875376980886154 0.1770062101947005 0.0007125129906052128 -0.003550069578838297 brics-sbc-005_cam0 -0.03022793182588544 0.01988302731116039 -0.24113350023518135 0.9698172881665923 0.4681444180190378 0.7623374869698799 0.316707180690467
8 1280 720 1068.9946629004644 1059.8061946960006 690.1112678130771 364.3692142392856 -0.4122898547551056 0.1614010227679781 1.0888036101154965e-05 -0.002524422095955153 brics-sbc-005_cam1 -0.0073526515949295145 -0.34821510239766534 -0.07211019737548677 0.9346080999066804 0.5949302934292914 0.45695286482833747 0.558497636345272
9 1280 720 1091.1016284986895 1092.806612978598 690.5536572650195 330.7286219221443 -0.3797279667238076 0.10998496009829783 0.0008856223360188607 -0.002321048884838041 brics-sbc-006_cam0 -0.07525963173019447 0.48044581214975707 -0.21218008785688094 0.8476363723535241 -0.06992746018522686 0.7951358599976317 0.22817001671079656
10 1280 720 1035.419404338529 1034.1584761941097 626.1842454305629 348.3414853203742 -0.3996546677804977 0.15574097465327277 0.0014873882974602705 0.0030452359507739477 brics-sbc-007_cam0 -0.1788451830432518 0.7797189200938003 -0.21241554281772423 0.5611884205143893 -0.682986433492798 0.6708022242430265 0.5945341761850066
11 1280 720 1089.6908673923726 1089.2830851391873 598.0276759441351 370.56517265250716 -0.4133157943043392 0.16328525468288332 -0.00022987769182402322 -5.658390470714153e-05 brics-sbc-007_cam1 -0.22477961129467075 0.7061954393593441 -0.10962810068949598 0.6623773904002864 -0.6043229661930914 0.6399681486644853 0.3217330770131257
12 1280 720 1043.9651797056074 1046.9752903735307 625.0798732569957 344.35381823041826 -0.3967930695727012 0.16657909016100483 0.00033682324633088975 -0.0005968813952920064 brics-sbc-008_cam0 0.08572359531672293 0.4920928220790327 0.1636173656067617 0.8507205636025096 -0.1377625868526309 0.12122128640845889 -0.21129343615438312
13 1280 720 1090.2433448525926 1090.445884000245 643.7135396471737 326.2904258874419 -0.42236399048998524 0.17207924240086192 0.003995148134348869 -0.0032356968059672067 brics-sbc-008_cam1 0.18238304605156547 0.6798461348852033 0.19199285237009386 0.6838745513859965 -0.5002503141858811 0.12868095885924574 -0.14797731854201757
14 1280 720 1070.1700789289807 1072.2261490904752 680.2960449849205 349.87287138626806 -0.4018435378362454 0.1235302274832284 -0.0021552752711444566 0.0018235550920009647 brics-sbc-009_cam0 0.13910933298467007 0.8191050979238459 0.1830347107708816 0.525560392994703 -0.7815348613208102 0.16986350914192977 0.20206688790457777
15 1280 720 1085.5866044906918 1082.1754874201145 631.0592088699606 326.832326918535 -0.4297941397053607 0.2102794400333581 0.003079073391820404 0.001343673447323637 brics-sbc-009_cam1 -0.044223691754959514 0.8829050031348997 -0.0390278894286892 0.4658324209130009 -0.6726578974752582 0.4541678267652329 0.45887283752052294
16 1280 720 1052.2944550727386 1048.8125994600316 645.4948466130245 362.4721142772771 -0.40121138852580623 0.1421995989820361 -0.0011081599080534793 0.0020266070058533774 brics-sbc-010_cam0 -0.0710791764931753 0.7143070479005744 -0.04084991153910751 0.6950140118845558 -0.5152423523745927 0.46561484698894606 0.011233874966552784
17 1280 720 1091.1927559362462 1086.799184765474 650.742235214915 350.6174224767726 -0.41595200263861387 0.17372402479458027 0.0018639323192147059 0.0007013504684220346 brics-sbc-010_cam1 -0.027528819857154937 0.4752004272428655 -0.02992545324631 0.8789375320655464 -0.1375748831238017 0.49729618316711166 -0.11251678407568605
18 1280 720 1080.4400138701749 1084.8692865439268 647.9314047092498 287.7962882966808 -0.4133660356260806 0.17673238351722717 -5.902646715937803e-05 0.0003129564529886494 brics-sbc-011_cam0 -0.1754455977427892 0.9575183897503609 0.05533800707031241 0.22206999008429187 -0.718814844012911 0.40075589341966705 0.9544464209957796
19 1280 720 1070.0085094674955 1061.789102057513 636.3021880049994 319.5855708072935 -0.41970755836541135 0.18022171279587107 0.0046327067602145765 0.008584918074222311 brics-sbc-012_cam0 -0.2907952205224637 0.946202725091871 0.046108589201271484 -0.13421080713518296 -0.5255625720174282 0.002134662304842633 1.3662289724423713
20 1280 720 1075.9401625466344 1075.708128137443 640.8152695657676 329.6231369312865 -0.3847266736457083 0.1271567909828884 0.0028590406983546967 -0.0008822503314296862 brics-sbc-012_cam1 -0.3113145439528049 0.9488015162628393 0.05034436626845372 -0.01801061480966351 -0.5087502742540845 0.021095036266689342 1.2355735533219925
21 1280 720 1056.2033770907747 1049.7636217320573 626.8094021200932 368.04778293660314 -0.4070915500554516 0.16910399865545242 -0.0026488488672656027 -4.9388200885393595e-05 brics-sbc-013_cam0 0.2868213508410915 0.9477905033150344 0.02551296796377998 -0.13702468023390701 -0.2684796913824458 0.7003660970879965 0.7733778288204647
22 1280 720 1090.14314983727 1092.3770729504283 666.8059780168782 366.6322321412296 -0.4055521367655354 0.16313991805364017 -0.0010640122842670268 0.00041881781858733717 brics-sbc-013_cam1 0.22445859527225626 0.9499765334704801 -0.03674743038235829 0.21403866759094933 -0.5220396855668914 0.5823820455359109 0.6035822785479987
23 1280 720 1050.2034715539437 1051.9743899069176 650.1603398418176 359.654662906196 -0.3945353175268292 0.1544973071815479 -0.0010740794153423104 0.0015946672169070135 brics-sbc-014_cam0 0.20279621905089665 0.9455376093617736 0.046728365723876494 -0.2502973884359532 -0.30739162501098416 0.5673411223257425 1.0757144726013648
24 1280 720 1065.7333262380391 1061.6983406042893 646.1079559401265 317.6467641026971 -0.406854006059296 0.17690451218724784 0.004925398374154366 -8.670650782194588e-05 brics-sbc-014_cam1 -0.03401446664551894 0.9667501074261481 0.0037712872496046155 -0.25342261785963976 -0.23921853349765382 0.40923949024960976 1.2493353726392866
25 1280 720 1113.1989867251543 1108.7413168407036 686.1383609538076 309.7347904693656 -0.391286770678771 0.13090344435099058 -0.0006860301399205735 0.0005117603594084016 brics-sbc-015_cam0 -0.032340786893622506 0.957713870774667 0.02920755922604124 0.2844031183249634 -0.7276277616573451 0.4076754185609948 0.7221354760295386
26 1280 720 995.9858319719041 991.2107617293343 580.7496729745075 346.6945892767787 -0.397974595556896 0.152353624232396 0.0038109251585428834 0.004939099987636195 brics-sbc-015_cam1 -0.07706232024711432 0.9927389135459106 -0.012490842725070297 -0.09151408185538308 -0.3066419309597296 0.33718767312710274 1.049205885956988
27 1280 720 1062.3899470610986 1069.157564470749 702.877994086953 267.6027775119948 -0.4062380453688125 0.20323672775807128 0.0033632158231159406 -0.002630270910065999 brics-sbc-016_cam0 -0.13479005953086434 0.8640799598340138 0.10817170279498325 -0.47275400112463256 0.10906497513428728 0.3606238766552603 1.4434867046050084
28 1280 720 1037.509636696406 1036.5244189448072 671.0367806648007 340.02823028626295 -0.40476380108700016 0.1494965397224395 -0.0005785973162205557 -0.00042722531330974614 brics-sbc-017_cam0 0.2291681181566877 -0.6608438426310862 -0.23195834049853478 0.675990175631472 0.517671682496177 0.032574872911887695 1.2258489548834397
29 1280 720 1060.0252137575433 1058.6260494523178 636.4078672331485 387.1264796919984 -0.4034668145966152 0.16670453004516544 -0.004241791947077135 0.00403854601837521 brics-sbc-017_cam1 0.20510013523698814 -0.5345274283456812 -0.16938038608128453 0.8021998801314276 0.621315506602096 0.20006899538498785 1.0767674347651794
30 1280 720 1094.0979525113596 1094.2736515271954 734.565570675599 303.6408095190948 -0.4604578185473472 0.3378072181045627 -0.0002796994980624479 -0.009190147507163758 brics-sbc-018_cam0 0.19699855232790153 0.7089887798924854 -0.19853442154151135 -0.6473874912526911 0.4054899669966737 0.6921591263898752 0.7546575843595599
31 1280 720 1077.3516187220453 1079.963832966392 728.737872756587 341.04725735234877 -0.4097437677358864 0.2348893535490496 -0.005259160467961864 -0.005214966996425253 brics-sbc-018_cam1 0.1672959986204807 0.8634246644437623 -0.12069001030260396 -0.46037356471555785 0.14442816138401243 0.6655374797196436 1.0760885372597404
32 1280 720 1111.6683504041303 1109.182618474629 667.4178849578385 391.03605693735074 -0.45001205508699627 0.26705982563019953 -0.0009946001617586581 -0.0007192536737506284 brics-sbc-019_cam0 -0.1436083821104296 -0.5267471399429542 0.1977343803638548 0.8141346313550757 0.5464895385553984 0.5619532476061934 0.6232930320004884
33 1280 720 1070.9699886181463 1064.8144209139543 660.9637798660362 346.9146022689535 -0.40843938559201376 0.15986182992491577 0.00023248097057990445 -0.0004954311747148374 brics-sbc-019_cam1 0.015554751477986163 -0.47162273732604293 -0.08386058891383716 0.8776659073762481 0.6722886319749196 0.39905675869522067 0.7611152982139208
35 1280 720 1030.5174239192118 1026.3882658681055 651.4001583933468 372.37423071263004 -0.43652707146769865 0.20185649761369923 0.000971711089022175 -0.0030626450686824396 brics-sbc-020_cam1 -0.22871475249109322 0.8482124459911221 0.044991897985671776 -0.4756058636879306 0.19936095716584687 -0.1240316886544312 1.2794553066108116
36 1280 720 1055.1507850510618 1050.8502729096074 696.9604793384495 336.11504964178147 -0.3907284222570376 0.12854383478627165 1.5968406201767938e-05 -0.0013015913922060681 brics-sbc-021_cam0 0.32955326893566855 -0.6083092372864539 -0.38786698755237115 0.6090268587942869 0.45867192924254135 -0.21590514298920307 1.2305346746471963
37 1280 720 1061.2345855713347 1059.7062814373717 663.6248111212491 307.9552119115595 -0.38699251828096837 0.1398843680118206 0.0034691220095994964 -0.0010084640675947385 brics-sbc-021_cam1 -0.39646874416151806 0.8352857926598717 0.15827430034750248 -0.34649592397756623 -0.0074090840476469765 -0.2720966827589394 1.4502916910798196
38 1280 720 1066.2159682491015 1065.48580941968 612.1898448659808 369.32267213452843 -0.4179522282776478 0.17581088947787815 2.4890726596756914e-05 0.0013970236777996838 brics-sbc-022_cam0 -0.4007334181887277 0.8285831439787207 -0.18507069745606824 0.34440025842650196 -0.686406635192217 0.26771522170160544 1.0112487397092285
39 1280 720 1074.6119899851888 1073.9087444335134 637.510342433546 313.8815254682452 -0.40359919242585 0.12439059981962465 0.005347613690919953 0.004371487835338743 brics-sbc-022_cam1 -0.47766854072450776 0.8779916359272807 -0.030365842123250344 -0.006431801925003628 -0.4623870213459908 -0.12070776101363923 1.2472373914742094
40 1280 720 1053.0599491818834 1051.9160891406973 669.4541592918953 391.8124294665829 -0.4035541375561499 0.1586969925711238 0.0013964798628576431 0.00017678285736059206 brics-sbc-023_cam0 0.19442320591486817 -0.3320521044686844 -0.3973037391052091 0.833121093126757 0.7631303872628087 0.1978933027503403 0.9749037348286395
41 1280 720 1089.979709913211 1087.3211396969623 677.0143711909494 332.22284207868904 -0.39414631518643495 0.11038126331119184 0.0019927742148890333 -0.0009765039172602185 brics-sbc-024_cam0 -0.2379712793386323 0.41038744976964203 -0.3570397216064882 0.8046579698708424 -0.12779515652305595 0.810521032512719 0.563041819668728
42 1280 720 1067.9372455753917 1066.321182334521 677.6034663078607 340.75197373115094 -0.4191248569393405 0.17327289534814053 -0.0007691909537166731 0.0024955860753841552 brics-sbc-024_cam1 -0.34442273863140177 0.5533432635113067 -0.368842195888485 0.6626761232853212 -0.5023898757964644 0.6942687895595019 0.6683691348161058
43 1280 720 1095.8280732650235 1098.621158770043 687.9481090547007 377.8088284189767 -0.4321775571042222 0.17071060179739675 -0.003583460620268322 -0.005737319745094083 brics-sbc-025_cam0 -0.0191181136935281 0.014651994426856656 0.721483677763883 -0.6920123694764553 0.5335843422195128 0.4261592225211594 0.9659431674306314
44 1280 720 1101.2054687688233 1100.6247426411128 637.1753702038411 373.9094987613945 -0.4444859269164541 0.2569557396454787 0.006781381627564802 -0.0013477664082329152 brics-sbc-025_cam1 0.005380214343732076 -0.008410992106838794 -0.4990812138277794 0.8664976921547942 0.5153516830819215 0.6346523946459866 0.7387448325760336
45 1280 720 1064.0345072873763 1065.8487896149186 663.670875287618 311.5169686764755 -0.4083821821849547 0.14459807469695002 0.0021777762531121903 -8.919601993422259e-05 brics-sbc-026_cam0 0.3259073645922282 0.6348548709680352 0.30692296389223933 0.629715790454957 -0.4963114110900748 -0.10683121551605844 -0.2020339864524363
46 1280 720 1045.0516937772252 1047.3715109166587 652.7589837498233 334.021506833141 -0.40327066197783984 0.15010729715469168 -0.001819205726495121 0.0015065724792020661 brics-sbc-026_cam1 0.4119688929443867 0.8389275157357592 0.15603572412732494 0.31958583727015416 -0.6848823885266992 0.41613891643978357 0.2011573587917102
47 1280 720 1079.5653808802415 1078.3506439817158 645.2359441376645 326.1085140953191 -0.4124132761144147 0.17461591747144556 -0.0029614027212398874 0.0027483821171391293 brics-sbc-027_cam0 0.44443011631971946 0.8955800397410104 0.01680855012996601 0.011650612346974239 -0.5390633959388706 0.6546500668247978 0.39596495842002943
48 1280 720 1053.4902877806944 1056.6584042583343 644.1514774846199 354.80062513322565 -0.3936050597024102 0.14495527374595807 -0.004708159575982191 0.0007717753811987735 brics-sbc-027_cam1 0.39837556684690323 0.8400892578484541 -0.1495078581007978 -0.3364436757514601 -0.04819027041924878 0.9265450703260062 0.6528170511707377
49 1280 720 1073.2141466945052 1074.3969242089925 619.3984447265572 348.94362375476624 -0.40188247449888 0.15172518135490493 0.0003527917007805927 0.001449733090334063 brics-sbc-028_cam0 0.16749003575836327 0.3265864165736803 0.41979156695201225 0.8300984524423588 0.01864270821392835 -0.17081633883422076 -0.24248672272449634
50 1280 720 1063.8369432990532 1065.2820596530494 673.9081524579709 296.37324547092896 -0.4057877736576659 0.15224436784048706 0.0014010042481905813 -0.0004438939505969006 brics-sbc-029_cam0 -0.13773990334562822 -0.3323478997953083 0.4229090691946619 0.8316973678694007 0.7283538132724782 0.3543081300722275 0.20321996489106076
51 1280 720 1084.5447062504277 1079.1099532495025 702.8615430901121 307.7652115182142 -0.44144692837702504 0.2627169168815654 0.0017449135038287242 0.0004233137869810526 brics-sbc-029_cam1 0.3162077829037832 0.6476215590926243 -0.33220259958889903 -0.6084738178885678 0.4578024178896367 0.7056758104691487 0.42545167526096295
52 1280 720 1055.7951254924014 1055.4097343911453 669.518641474497 333.7219046137953 -0.41993642059911074 0.17352728623272973 -0.00024050305866888186 -0.0008476569242629726 brics-sbc-030_cam0 0.7052837090090449 0.7082412499531291 -0.020113439264671677 0.023762811959457328 -0.5064244286321299 0.4905248588543233 -0.1334145174912255
53 1280 720 1092.8113176888132 1093.1562525483125 666.5477071851135 338.4485127458986 -0.43315663484910377 0.20529834879276218 0.0004948226842579851 0.0024860970542993853 brics-sbc-030_cam1 -0.0060898679665802565 -0.00920860580281726 0.4610183948352387 0.8873219002768149 0.5111500392437617 -0.10480776895843612 -0.17668007570010089
